################################################################################
# This script calculates the emissoms for each catagory consumed.
#
# Author: Micah Wright 
################################################################################

# general emissions factors data, taken directly from fepsef.py in the bluesky
# emissions framework
ef_db <- list("flamg" = c("CH4" =  0.003819999999999997,
                          "CO" = 0.07179999999999997,
                          "CO2" = 1.6497,
                          "NH3" = 0.0012063999999999998,
                          "NOx" = 0.002420000000000001,
                          "PM10" = 0.008590399999999998,
                          "PM2.5" = 0.007280000000000002,
                          "SO2" = 0.00098,
                          "VOC" = 0.017341999999999996),
              
              "smoldg"= c("CH4" = 0.009868000000000002,
                          "CO" = 0.21011999999999997,
                          "CO2" = 1.39308,
                          "NH3" = 0.00341056,
                          "NOx" = 0.000908,
                          "PM10" = 0.01962576,
                          "PM2.5" = 0.016632,
                          "SO2" = 0.00098,
                          "VOC" = 0.04902680000000001),
              
              "resid"= c("CH4" = 0.009868000000000002,
                         "CO" = 0.21011999999999997,
                         "CO2" = 1.39308,
                         "NH3" = 0.00341056,
                         "NOx" = 0.000908,
                         "PM10" = 0.01962576,
                         "PM2.5" = 0.016632,
                         "SO2" = 0.00098,
                         "VOC" = 0.04902680000000001))

# emissions factors data for piles, same as above but with piles ef from Consume
# source where available
ef_db_pile <- list("pm" = list("clean" = c("PM10" = 15.5 / 2000,
                                           "PM2.5" = 13.5 / 2000),
                               
                               "vdirty" = c("PM10" = 28 / 2000,
                                            "PM2.5" = 23.6 / 2000)),
                   
                   "flamg" = c("CH4" =  3.28 / 2000,
                               "CO" = 52.66 / 2000,
                               "CO2" = 3429.24 / 2000,
                               "NH3" = 0.0012063999999999998,
                               "NOx" = 0.002420000000000001,
                               "SO2" = 0.00098,
                               "VOC" = 0.017341999999999996),
                   
                   "smoldg"= c("CH4" = 11.03 / 2000,
                               "CO" = 130.37 / 2000,
                               "CO2" = 3089.88 / 2000,
                               "NH3" = 0.00341056,
                               "NOx" = 0.000908,
                               "SO2" = 0.00098,
                               "VOC" = 0.04902680000000001),
                   
                   "resid"= c("CH4" = 11.03 / 2000,
                              "CO" = 130.37 / 2000,
                              "CO2" = 3089.88 / 2000,
                              "NH3" = 0.00341056,
                              "NOx" = 0.000908,
                              "SO2" = 0.00098,
                              "VOC" = 0.04902680000000001))

calc_emissions <- function(dt, burn_type) {
        
        ########################################################################
        # calculate total emissions for each emissions species by combustion
        # phase. This includes the orginal fuelbed.
        ########################################################################
        
        # Start with emissions species
        e_spp <- c("CH4", "CO", "CO2", "NH3", "NOx", "PM10", "PM2.5", "SO2", "VOC")
        # now all combos of combustion phase
        cnames <- c("total_flamg", "total_smoldg", "total_resid")
        
        # loop through each combination and multiply the emissions factor by the 
        # consumed mass
        for (col in paste(cnames, rep(e_spp, each = length(cnames)), sep = "_")) {
                dt[ , (col) := dt[[gsub("(.*)_.*","\\1", col)]] * ef_db[[gsub("^([^_]+_){1}(.+)_.*$","\\2", col)]][[sub(".*\\_", "", col)]]]
        }
        
        ########################################################################
        # calculate emissions from piled fuels for each emissions species by 
        # combustion phase, except PM. All piled fuels are residue since we 
        # ignore original piles in the fuelbed
        ########################################################################
        
        # emissions species
        e_spp <- c("CH4", "CO", "CO2", "NH3", "NOx", "SO2", "VOC")
        # pile combustion phase 
        cnames <- paste(c("flamg", "smoldg", "resid"), "pile", sep = "_")
        
        # loop though each combo and multiply the emissions factor by the 
        # consumed mass
        for (col in paste(cnames, rep(e_spp, each = length(cnames)), sep = "_")) {
                dt[ , (col) := dt[[gsub("(.*)_.*","\\1", col)]] * ef_db_pile[[sub("_.*", "", col)]][[sub(".*\\_", "", col)]]]
        }
        
        # now pms. this requires a third component: pile cleanliness
        e_spp <- c("PM10", "PM2.5")
        cnames <- paste(rep(cnames, each = 2), c("clean", "vdirty"), sep = "_")
        
        # loop though each combo and multiply the emissions factor by the 
        # consumed mass
        for (col in paste(cnames, rep(e_spp, each = length(cnames)), sep = "_")) {
                dt[ , (col) := dt[[gsub("^([^_]*_[^_]*)_.*$", "\\1", col)]] * ef_db_pile[["pm"]][[gsub("^([^_]+_){2}(.+)_.*$","\\2", col)]][[sub(".*\\_", "", col)]]]
        }
        
        ########################################################################
        # calculate emissions for residue by c phase, emissions species, and 
        # size class. Size class is one of duff, foliage, fwd, and cwd. this 
        # does not include the orginal fuelbed.
        ########################################################################
        
        # emissions species
        e_spp <- c("CH4", "CO", "CO2", "NH3", "NOx", "PM10", "PM2.5", "SO2", "VOC")
        # now all combos of size class and c phase
        size <- c("duff_residue", "foliage_residue", "fwd_residue", "cwd_residue")
        cnames <- paste(rep(c("flamg", "smoldg", "resid"), each = length(size)),
                        size, sep = "_")
        
        # loop though each combo and multiply the emissions factor by the 
        # consumed mass
        for (col in paste(cnames, rep(e_spp, each = length(cnames)), sep = "_")) {
                dt[ , (col) := dt[[gsub("(.*)_.*","\\1", col)]] * ef_db[[sub("_.*", "", col)]][[sub(".*\\_", "", col)]]]
        }
        
        ########################################################################
        # calculate total emissions by species for all consumed mass, including
        # any emissions from the orginal fuelbed.
        ########################################################################
        
        # get total emissions including original fuelbed
        e_spp <- c("CH4", "CO", "CO2", "NH3", "NOx", "PM10", "PM2.5", "SO2", "VOC")
        
        # loop though each combo and get the emissions for all combustion including original fuelbed
        for (col in e_spp) {
                dt[ , paste0("total_", col) := rowSums(.SD), .SDcols = paste("total", c("flamg", "smoldg", "resid"), col, sep = "_")]
        }
        ########################################################################
        # calculate total char
        ########################################################################
        dt[, total_char := rowSums(.SD),